6.951614022254943848e-01
6.947780847549438477e-01
6.943869590759277344e-01
6.940005421638488770e-01
6.936984062194824219e-01
6.935812234878540039e-01
6.934696435928344727e-01
6.933580636978149414e-01
6.932513117790222168e-01
6.931470632553100586e-01
6.930456161499023438e-01
6.929467916488647461e-01
6.928503513336181641e-01
6.927559375762939453e-01
6.926634311676025391e-01
6.925727128982543945e-01
6.924838423728942871e-01
6.923977136611938477e-01
6.923123598098754883e-01
6.922295689582824707e-01
6.921482086181640625e-01
6.920700073242187500e-01
6.919909119606018066e-01
6.919147968292236328e-01
6.918396949768066406e-01
6.917657256126403809e-01
6.916948556900024414e-01
6.916220784187316895e-01
6.915522217750549316e-01
6.914831995964050293e-01
6.914161443710327148e-01
6.913496255874633789e-01
6.912835836410522461e-01
6.912178993225097656e-01
6.911525726318359375e-01
6.910903453826904297e-01
6.910259723663330078e-01
6.909630894660949707e-01
6.909016370773315430e-01
6.908400058746337891e-01
6.907781362533569336e-01
6.907160878181457520e-01
6.906538009643554688e-01
6.905943155288696289e-01
6.905330419540405273e-01
6.904708743095397949e-01
6.904107332229614258e-01
6.903498172760009766e-01
6.902882456779479980e-01
6.902259588241577148e-01
6.901671886444091797e-01
6.901049613952636719e-01
6.900411844253540039e-01
6.899798512458801270e-01
6.899173855781555176e-01
6.898538470268249512e-01
6.897892951965332031e-01
6.897289752960205078e-01
6.896643638610839844e-01
6.895964741706848145e-01
6.895320415496826172e-01
6.894663572311401367e-01
6.893991827964782715e-01
6.893336176872253418e-01
6.892648935317993164e-01
6.891979575157165527e-01
6.891304254531860352e-01
6.890615224838256836e-01
6.889907121658325195e-01
6.889185905456542969e-01
6.888473629951477051e-01
6.887753605842590332e-01
6.887022256851196289e-01
6.886296272277832031e-01
6.885552406311035156e-01
6.884792447090148926e-01
6.884055137634277344e-01
6.883285045623779297e-01
6.882506608963012695e-01
6.881738305091857910e-01
6.880950927734375000e-01
6.880145072937011719e-01
6.879345178604125977e-01
6.878527402877807617e-01
6.877720355987548828e-01
6.876903772354125977e-01
6.876068115234375000e-01
6.875211596488952637e-01
6.874347329139709473e-01
6.873480677604675293e-01
6.872633695602416992e-01
6.871765851974487305e-01
6.870875358581542969e-01
6.869964599609375000e-01
6.869052052497863770e-01
6.868134140968322754e-01
6.867219209671020508e-01
6.866295337677001953e-01
6.865346431732177734e-01
6.864375472068786621e-01
6.863443255424499512e-01
6.862471103668212891e-01
6.861449480056762695e-01
6.860463619232177734e-01
6.859452724456787109e-01
6.858462095260620117e-01
6.857421994209289551e-01
6.856396198272705078e-01
6.855583190917968750e-01
6.854459047317504883e-01
6.853432655334472656e-01
6.852468252182006836e-01
6.851433515548706055e-01
6.850333213806152344e-01
6.849197149276733398e-01
6.848153471946716309e-01
6.847074627876281738e-01
6.845961213111877441e-01
6.844815015792846680e-01
6.843669414520263672e-01
6.842679977416992188e-01
6.841644644737243652e-01
6.840530037879943848e-01
6.839345097541809082e-01
6.838093996047973633e-01
6.836785078048706055e-01
6.835466623306274414e-01
6.834520101547241211e-01
6.833072304725646973e-01
6.831831932067871094e-01
6.830686926841735840e-01
6.829463243484497070e-01
6.828167438507080078e-01
6.826805472373962402e-01
6.825547218322753906e-01
6.824262142181396484e-01
6.822931170463562012e-01
6.821557283401489258e-01
6.820142269134521484e-01
6.818689107894897461e-01
6.817197799682617188e-01
6.815793514251708984e-01
6.814365386962890625e-01
6.812862753868103027e-01
6.811291575431823730e-01
6.809775829315185547e-01
6.808198690414428711e-01
6.806935071945190430e-01
6.805053949356079102e-01
6.803699731826782227e-01
6.802287101745605469e-01
6.800783276557922363e-01
6.799196004867553711e-01
6.797531843185424805e-01
6.795834302902221680e-01
6.794001460075378418e-01
6.792144775390625000e-01
6.790417432785034180e-01
6.788756251335144043e-01
6.787036657333374023e-01
6.785262823104858398e-01
6.783497333526611328e-01
6.781548261642456055e-01
6.779614090919494629e-01
6.777741312980651855e-01
6.775953769683837891e-01
6.774079203605651855e-01
6.772122979164123535e-01
6.770092844963073730e-01
6.767993569374084473e-01
6.766051054000854492e-01
6.764168739318847656e-01
6.762151122093200684e-01
6.760193109512329102e-01
6.758183240890502930e-01
6.756246089935302734e-01
6.754215955734252930e-01
6.752127408981323242e-01
6.750046610832214355e-01
6.748367547988891602e-01
6.746510863304138184e-01
6.744343042373657227e-01
6.741926670074462891e-01
6.739705801010131836e-01
6.737607717514038086e-01
6.735644936561584473e-01
6.733664274215698242e-01
6.731570363044738770e-01
6.729371547698974609e-01
6.727272272109985352e-01
6.725096702575683594e-01
6.722835302352905273e-01
6.720492839813232422e-01
6.718111038208007812e-01
6.715753078460693359e-01
6.713703870773315430e-01
6.711461544036865234e-01
6.709182262420654297e-01
6.706796884536743164e-01
6.704353690147399902e-01
6.701867580413818359e-01
6.699538230895996094e-01
6.697142124176025391e-01
6.694710254669189453e-01
6.692204475402832031e-01
6.689801216125488281e-01
6.687492728233337402e-01
6.685069799423217773e-01
6.682693958282470703e-01
6.680082082748413086e-01
6.677410602569580078e-01
6.674762964248657227e-01
6.672449111938476562e-01
6.669760942459106445e-01
6.667221784591674805e-01
6.665028333663940430e-01
6.662979125976562500e-01
6.660895347595214844e-01
6.658672690391540527e-01
6.656328439712524414e-01
6.653977632522583008e-01
6.651630401611328125e-01
6.649489402770996094e-01
6.647079586982727051e-01
6.644594073295593262e-01
6.642241477966308594e-01
6.639837026596069336e-01
6.637646555900573730e-01
6.635043025016784668e-01
6.632621884346008301e-01
6.630162000656127930e-01
6.627606153488159180e-01
6.625064015388488770e-01
6.622567176818847656e-01
6.620029211044311523e-01
6.617687940597534180e-01
6.615251898765563965e-01
6.612751483917236328e-01
6.610327363014221191e-01
6.607832908630371094e-01
6.605162620544433594e-01
6.602751016616821289e-01
6.600092053413391113e-01
6.597532629966735840e-01
6.595036983489990234e-01
6.592494845390319824e-01
6.589863896369934082e-01
6.587344408035278320e-01
6.585355997085571289e-01
6.582390069961547852e-01
6.579686403274536133e-01
6.577262878417968750e-01
6.574884653091430664e-01
6.572237014770507812e-01
6.569849848747253418e-01
6.567217111587524414e-01
6.564291715621948242e-01
6.561511158943176270e-01
6.559306383132934570e-01
6.556752920150756836e-01
6.553851366043090820e-01
6.551091670989990234e-01
6.548488140106201172e-01
6.545877456665039062e-01
6.543107628822326660e-01
6.540237665176391602e-01
6.537387371063232422e-01
6.534965038299560547e-01
6.532778739929199219e-01
6.530702114105224609e-01
6.528594493865966797e-01
6.526082754135131836e-01
6.523569822311401367e-01
6.521096229553222656e-01
6.518675088882446289e-01
6.516246795654296875e-01
6.513416171073913574e-01
6.510646343231201172e-01
6.508425474166870117e-01
6.506069898605346680e-01
6.503562331199645996e-01
6.501007080078125000e-01
6.498925685882568359e-01
6.496581435203552246e-01
6.493839025497436523e-01
6.491323113441467285e-01
6.488766670227050781e-01
6.486222147941589355e-01
6.483809947967529297e-01
6.481249332427978516e-01
6.478816866874694824e-01
6.476065516471862793e-01
6.474161148071289062e-01
6.471745371818542480e-01
6.468955278396606445e-01
6.466554403305053711e-01
6.464300155639648438e-01
6.461427211761474609e-01
6.458738446235656738e-01
6.456801295280456543e-01
6.453994512557983398e-01
6.451495885848999023e-01
6.449146270751953125e-01
6.446527242660522461e-01
6.443946361541748047e-01
6.441442966461181641e-01
6.438944339752197266e-01
6.436529755592346191e-01
6.434005498886108398e-01
6.431511640548706055e-01
6.429027915000915527e-01
6.426560878753662109e-01
6.423817873001098633e-01
6.421482563018798828e-01
6.419206857681274414e-01
6.416617035865783691e-01
6.414229869842529297e-01
6.411617994308471680e-01
6.408989429473876953e-01
6.406487226486206055e-01
6.403647661209106445e-01
6.401212215423583984e-01
6.398495435714721680e-01
6.395829916000366211e-01
6.393250823020935059e-01
6.390584707260131836e-01
6.388041973114013672e-01
6.385576725006103516e-01
6.382981538772583008e-01
6.380388736724853516e-01
6.377692222595214844e-01
6.375067830085754395e-01
6.373189687728881836e-01
6.370407938957214355e-01
6.367744207382202148e-01
6.364917755126953125e-01
6.362161636352539062e-01
6.359697580337524414e-01
6.357275247573852539e-01
6.354445219039916992e-01
6.351996660232543945e-01
6.349462866783142090e-01
6.346883773803710938e-01
6.344248652458190918e-01
6.341397762298583984e-01
6.338812708854675293e-01
6.336196660995483398e-01
6.333862543106079102e-01
6.331329345703125000e-01
6.328532695770263672e-01
6.325564384460449219e-01
6.323483586311340332e-01
6.320385932922363281e-01
6.317793130874633789e-01
6.315604448318481445e-01
6.313136219978332520e-01
6.310181617736816406e-01
6.307330131530761719e-01
6.304752230644226074e-01
6.302179694175720215e-01
6.299545764923095703e-01
6.296535730361938477e-01
6.293704509735107422e-01
6.290924549102783203e-01
6.288357973098754883e-01
6.285463571548461914e-01
6.283048391342163086e-01
6.280143857002258301e-01
6.277112960815429688e-01
6.274516582489013672e-01
6.271824836730957031e-01
6.269053220748901367e-01
6.266098022460937500e-01
6.263649463653564453e-01
6.260869503021240234e-01
6.258214712142944336e-01
6.255628466606140137e-01
6.252994537353515625e-01
6.250092387199401855e-01
6.247288584709167480e-01
6.244970560073852539e-01
6.242884993553161621e-01
6.240197420120239258e-01
6.237446069717407227e-01
6.234891414642333984e-01
6.232164502143859863e-01
6.229304075241088867e-01
6.226636767387390137e-01
6.224009990692138672e-01
6.221504807472229004e-01
6.219155788421630859e-01
6.216384172439575195e-01
6.213772892951965332e-01
6.211158037185668945e-01
6.208881139755249023e-01
6.206004619598388672e-01
6.203444004058837891e-01
6.201119422912597656e-01
6.198492050170898438e-01
6.195530891418457031e-01
6.192616224288940430e-01
6.190664172172546387e-01
6.187672019004821777e-01
6.185133457183837891e-01
6.182876229286193848e-01
6.179795265197753906e-01
6.177693605422973633e-01
6.175286769866943359e-01
6.173011660575866699e-01
6.169850826263427734e-01
6.166743636131286621e-01
6.164529323577880859e-01
6.161895990371704102e-01
6.159194111824035645e-01
6.156784296035766602e-01
6.154034733772277832e-01
6.151982545852661133e-01
6.149207353591918945e-01
6.146709918975830078e-01
6.144067049026489258e-01
6.141048073768615723e-01
6.138327121734619141e-01
6.135615110397338867e-01
6.133354902267456055e-01
6.130638122558593750e-01
6.128275394439697266e-01
6.125380396842956543e-01
6.122838854789733887e-01
6.120027303695678711e-01
6.117300987243652344e-01
6.114650964736938477e-01
6.112002134323120117e-01
6.109464168548583984e-01
6.106832027435302734e-01
6.104044914245605469e-01
6.101661920547485352e-01
6.099048852920532227e-01
6.096410155296325684e-01
6.093760132789611816e-01
6.091561913490295410e-01
6.088670492172241211e-01
6.086320281028747559e-01
6.083615422248840332e-01
6.081146597862243652e-01
6.078387498855590820e-01
6.075816154479980469e-01
6.073340177536010742e-01
6.070694327354431152e-01
6.067887544631958008e-01
6.065287590026855469e-01
6.063179969787597656e-01
6.060211062431335449e-01
6.057713031768798828e-01
6.055006980895996094e-01
6.052916049957275391e-01
6.050509214401245117e-01
6.048204898834228516e-01
6.045840978622436523e-01
6.042856574058532715e-01
6.040202379226684570e-01
6.037850379943847656e-01
6.035196781158447266e-01
6.032866239547729492e-01
6.030449271202087402e-01
6.027756929397583008e-01
6.024775505065917969e-01
6.021995544433593750e-01
6.019508838653564453e-01
6.016815900802612305e-01
6.014343500137329102e-01
6.011717915534973145e-01
6.009625196456909180e-01
6.006683111190795898e-01
6.004391908645629883e-01
6.002205610275268555e-01
5.999796390533447266e-01
5.997382998466491699e-01
5.994726419448852539e-01
5.991724729537963867e-01
5.989189743995666504e-01
5.987025499343872070e-01
5.984542369842529297e-01
5.981932878494262695e-01
5.979304313659667969e-01
5.976430773735046387e-01
5.974370837211608887e-01
5.971704721450805664e-01
5.968983769416809082e-01
5.966216325759887695e-01
5.963561534881591797e-01
5.961446762084960938e-01
5.958977341651916504e-01
5.956329107284545898e-01
5.953283309936523438e-01
5.950657129287719727e-01
5.948452949523925781e-01
5.945639610290527344e-01
5.942887663841247559e-01
5.940709114074707031e-01
5.937941074371337891e-01
5.935279130935668945e-01
5.932859778404235840e-01
5.930846929550170898e-01
5.927659273147583008e-01
5.925821065902709961e-01
5.923114418983459473e-01
5.920125246047973633e-01
5.917891860008239746e-01
5.915020704269409180e-01
5.912611484527587891e-01
5.910435914993286133e-01
5.907933115959167480e-01
5.905406475067138672e-01
5.902692079544067383e-01
5.899921059608459473e-01
5.897304415702819824e-01
5.894663333892822266e-01
5.891935825347900391e-01
5.889594554901123047e-01
5.887286663055419922e-01
5.884914398193359375e-01
5.882278680801391602e-01
5.880137085914611816e-01
5.876878499984741211e-01
5.874781608581542969e-01
5.872549414634704590e-01
5.870397686958312988e-01
5.867809057235717773e-01
5.865164995193481445e-01
5.862519741058349609e-01
5.859829783439636230e-01
5.857272148132324219e-01
5.854604244232177734e-01
5.853251218795776367e-01
5.849683880805969238e-01
5.847046971321105957e-01
5.844649076461791992e-01
5.842772126197814941e-01
5.839703083038330078e-01
5.837482810020446777e-01
5.835271477699279785e-01
5.831571221351623535e-01
5.830246210098266602e-01
5.827842354774475098e-01
5.825002193450927734e-01
5.822392702102661133e-01
5.819552540779113770e-01
5.817335247993469238e-01
5.814851522445678711e-01
5.812290906906127930e-01
5.810157060623168945e-01
5.807600021362304688e-01
5.805007219314575195e-01
5.802236199378967285e-01
5.799997448921203613e-01
5.797901153564453125e-01
5.794473886489868164e-01
5.791940093040466309e-01
5.789215564727783203e-01
5.786685943603515625e-01
5.784617662429809570e-01
5.782138705253601074e-01
5.779361724853515625e-01
5.777194499969482422e-01
5.774618983268737793e-01
5.771945118904113770e-01
5.769238471984863281e-01
5.767763853073120117e-01
5.764268636703491211e-01
5.761944055557250977e-01
5.759794712066650391e-01
5.756897926330566406e-01
5.754389166831970215e-01
5.752717256546020508e-01
5.750363469123840332e-01
5.747311115264892578e-01
5.745155215263366699e-01
5.742621421813964844e-01
5.740186572074890137e-01
5.737320184707641602e-01
5.735095143318176270e-01
5.732583999633789062e-01
5.729900598526000977e-01
5.727015733718872070e-01
5.724511146545410156e-01
5.722369551658630371e-01
5.719643831253051758e-01
5.717530250549316406e-01
5.715242624282836914e-01
5.712758302688598633e-01
5.710152387619018555e-01
5.707554817199707031e-01
5.705014467239379883e-01
5.701894760131835938e-01
5.699442028999328613e-01
5.697595477104187012e-01
5.694671869277954102e-01
5.692167282104492188e-01
5.689892768859863281e-01
5.687291622161865234e-01
5.684580802917480469e-01
5.682747960090637207e-01
5.679963827133178711e-01
5.677668452262878418e-01
5.675674676895141602e-01
5.672947168350219727e-01
5.670153498649597168e-01
5.667457580566406250e-01
5.665454864501953125e-01
5.662888288497924805e-01
5.660396218299865723e-01
5.658400654792785645e-01
5.655990839004516602e-01
5.653210878372192383e-01
5.651429295539855957e-01
5.649290680885314941e-01
5.646309852600097656e-01
5.643286705017089844e-01
5.641684532165527344e-01
5.640249252319335938e-01
5.636086463928222656e-01
5.633735656738281250e-01
5.631850361824035645e-01
5.629662871360778809e-01
5.626649856567382812e-01
5.624051690101623535e-01
5.622352361679077148e-01
5.620024204254150391e-01
5.616756677627563477e-01
5.614309310913085938e-01
5.611844658851623535e-01
5.609347224235534668e-01
5.606935024261474609e-01
5.604580640792846680e-01
5.601993799209594727e-01
5.599398612976074219e-01
5.597054362297058105e-01
5.594276785850524902e-01
5.591605901718139648e-01
5.590029954910278320e-01
5.586976408958435059e-01
5.584592819213867188e-01
5.582421422004699707e-01
5.579664707183837891e-01
5.577081441879272461e-01
5.574699640274047852e-01
5.571926832199096680e-01
5.569322109222412109e-01
5.567204356193542480e-01
5.564612150192260742e-01
5.562428236007690430e-01
5.559810400009155273e-01
5.557394027709960938e-01
5.554701685905456543e-01
5.552784800529479980e-01
5.550519227981567383e-01
5.547948479652404785e-01
5.545380711555480957e-01
5.542735457420349121e-01
5.540570020675659180e-01
5.538425445556640625e-01
5.535509586334228516e-01
5.533064007759094238e-01
5.530717372894287109e-01
5.528504848480224609e-01
5.525757074356079102e-01
5.523552894592285156e-01
5.521229505538940430e-01
5.518607497215270996e-01
5.515964627265930176e-01
5.513479709625244141e-01
5.511345267295837402e-01
5.508910417556762695e-01
5.507149696350097656e-01
5.503875017166137695e-01
5.501286387443542480e-01
5.499033927917480469e-01
5.496228337287902832e-01
5.494191646575927734e-01
5.491582751274108887e-01
5.489323139190673828e-01
5.486570000648498535e-01
5.484486818313598633e-01
5.482308864593505859e-01
5.479927659034729004e-01
5.477225780487060547e-01
5.474450588226318359e-01
5.472536087036132812e-01
5.470629334449768066e-01
5.467847585678100586e-01
5.464945435523986816e-01
5.462732911109924316e-01
5.460196733474731445e-01
5.458315014839172363e-01
5.455810427665710449e-01
5.453389883041381836e-01
5.450775623321533203e-01
5.448023080825805664e-01
5.444532036781311035e-01
5.440137386322021484e-01
5.436639785766601562e-01
5.431056022644042969e-01
5.426263213157653809e-01
5.420678853988647461e-01
5.414651632308959961e-01
5.408716201782226562e-01
5.402196049690246582e-01
5.395501255989074707e-01
5.388707518577575684e-01
5.383033752441406250e-01
5.376679301261901855e-01
5.367901325225830078e-01
5.361924171447753906e-01
5.355584621429443359e-01
5.348294377326965332e-01
5.341099500656127930e-01
5.333451032638549805e-01
5.325765013694763184e-01
5.318415164947509766e-01
5.310614109039306641e-01
5.304067134857177734e-01
5.298413038253784180e-01
5.292919874191284180e-01
5.287507772445678711e-01
5.281869173049926758e-01
5.276015996932983398e-01
5.270639657974243164e-01
5.265046358108520508e-01
5.259568095207214355e-01
5.252926349639892578e-01
5.247210860252380371e-01
5.242317914962768555e-01
5.236223340034484863e-01
5.230227708816528320e-01
5.225180387496948242e-01
5.219624638557434082e-01
5.214065313339233398e-01
5.208076834678649902e-01
5.201698541641235352e-01
5.196242332458496094e-01
5.190307497978210449e-01
5.183882713317871094e-01
5.178951025009155273e-01
5.173095464706420898e-01
5.166462659835815430e-01
5.161560773849487305e-01
5.156151056289672852e-01
5.149967074394226074e-01
5.144814848899841309e-01
5.139270424842834473e-01
5.133265256881713867e-01
5.127518773078918457e-01
5.121083259582519531e-01
5.114502310752868652e-01
5.109802484512329102e-01
5.103554725646972656e-01
5.097010135650634766e-01
5.091753005981445312e-01
5.086405873298645020e-01
5.080819725990295410e-01
5.074309110641479492e-01
5.068411827087402344e-01
5.062592029571533203e-01
5.057026147842407227e-01
5.050803422927856445e-01
5.045444965362548828e-01
5.039874911308288574e-01
5.034154653549194336e-01
5.027616024017333984e-01
5.022301673889160156e-01
5.016468167304992676e-01
5.010318756103515625e-01
5.004573464393615723e-01
4.998814463615417480e-01
4.993236064910888672e-01
4.987256526947021484e-01
4.981286525726318359e-01
4.975738525390625000e-01
4.969840049743652344e-01
4.964064359664916992e-01
4.958733916282653809e-01
4.952771067619323730e-01
4.946606457233428955e-01
4.940749406814575195e-01
4.935400187969207764e-01
4.929224848747253418e-01
4.923861622810363770e-01
4.918150901794433594e-01
4.912307858467102051e-01
4.906136691570281982e-01
4.900569915771484375e-01
4.894660711288452148e-01
4.888965189456939697e-01
4.882948398590087891e-01
4.878244102001190186e-01
4.871929287910461426e-01
4.866856038570404053e-01
4.861484467983245850e-01
4.854984581470489502e-01
4.849352538585662842e-01
4.844136834144592285e-01
4.837643504142761230e-01
4.831730127334594727e-01
4.825944006443023682e-01
4.820885062217712402e-01
4.815059304237365723e-01
4.808900058269500732e-01
4.803416430950164795e-01
4.798062443733215332e-01
4.792149662971496582e-01
4.785865545272827148e-01
4.780008196830749512e-01
4.774795174598693848e-01
4.769409596920013428e-01
4.763877391815185547e-01
4.757147431373596191e-01
4.751749336719512939e-01
4.746274352073669434e-01
4.740215241909027100e-01
4.734228253364562988e-01
4.729225039482116699e-01
4.723823070526123047e-01
4.717803597450256348e-01
4.711221456527709961e-01
4.706005156040191650e-01
4.701200425624847412e-01
4.696093201637268066e-01
4.690577685832977295e-01
4.684492349624633789e-01
4.678894877433776855e-01
4.673461019992828369e-01
4.667974114418029785e-01
4.662852287292480469e-01
4.656924009323120117e-01
4.651038050651550293e-01
4.645186960697174072e-01
4.640133082866668701e-01
4.634639918804168701e-01
4.629629254341125488e-01
4.623223245143890381e-01
4.617906808853149414e-01
4.612759351730346680e-01
4.607291817665100098e-01
4.601693153381347656e-01
4.596251249313354492e-01
4.590523242950439453e-01
4.585226774215698242e-01
4.579717516899108887e-01
4.574697017669677734e-01
4.569137692451477051e-01
4.563815593719482422e-01
4.558430910110473633e-01
4.552719891071319580e-01
4.547399878501892090e-01
4.542036056518554688e-01
4.535820186138153076e-01
4.531463682651519775e-01
4.525912404060363770e-01
4.520384073257446289e-01
4.514861106872558594e-01
4.509924054145812988e-01
4.504101276397705078e-01
4.498660266399383545e-01
4.493593275547027588e-01
4.488338828086853027e-01
4.482446908950805664e-01
4.476587176322937012e-01
4.471634030342102051e-01
4.466319084167480469e-01
4.460843503475189209e-01
4.454686641693115234e-01
4.449216723442077637e-01
4.444708228111267090e-01
4.439174830913543701e-01
4.433433413505554199e-01
4.427305161952972412e-01
4.422518610954284668e-01
4.417133629322052002e-01
4.411555528640747070e-01
4.405668675899505615e-01
4.401039183139801025e-01
4.394895732402801514e-01
4.390748441219329834e-01
4.385970234870910645e-01
4.380168020725250244e-01
4.373530447483062744e-01
4.369230270385742188e-01
4.364236593246459961e-01
4.358082413673400879e-01
4.353097379207611084e-01
4.348065257072448730e-01
4.342219233512878418e-01
4.335928857326507568e-01
4.331697523593902588e-01
4.325777888298034668e-01
4.320560097694396973e-01
4.315780997276306152e-01
4.309892058372497559e-01
4.303937554359436035e-01
4.299233257770538330e-01
4.292904436588287354e-01
4.287586510181427002e-01
4.282573461532592773e-01
4.277066588401794434e-01
4.271900355815887451e-01
4.266426563262939453e-01
4.261827468872070312e-01
4.256246685981750488e-01
4.251471161842346191e-01
4.246658682823181152e-01
4.240106344223022461e-01
4.236354231834411621e-01
4.231975376605987549e-01
4.226649999618530273e-01
4.220476746559143066e-01
4.214726090431213379e-01
4.209720492362976074e-01
4.204340279102325439e-01
4.198821783065795898e-01
4.193831086158752441e-01
4.188762307167053223e-01
4.183530509471893311e-01
4.178170561790466309e-01
4.172483980655670166e-01
4.166873693466186523e-01
4.161525368690490723e-01
4.156707227230072021e-01
4.151188135147094727e-01
4.146027565002441406e-01
4.140801429748535156e-01
4.135509133338928223e-01
4.131019711494445801e-01
4.125725030899047852e-01
4.120103716850280762e-01
4.115185737609863281e-01
4.109393954277038574e-01
4.104809761047363281e-01
4.100044965744018555e-01
4.094341397285461426e-01
4.088986217975616455e-01
4.083926677703857422e-01
4.078954458236694336e-01
4.074087738990783691e-01
4.068037271499633789e-01
4.063107967376708984e-01
4.057210683822631836e-01
4.050716757774353027e-01
4.044821560382843018e-01
4.039233922958374023e-01
4.033771157264709473e-01
4.028091430664062500e-01
4.021842479705810547e-01
4.015163481235504150e-01
4.009141921997070312e-01
4.003871381282806396e-01
3.997774124145507812e-01
3.991975784301757812e-01
3.985972106456756592e-01
3.979105353355407715e-01
3.973628878593444824e-01
3.968152403831481934e-01
3.961322307586669922e-01
3.954721987247467041e-01
3.948500156402587891e-01
3.942957222461700439e-01
3.936882615089416504e-01
3.930818140506744385e-01
3.924203813076019287e-01
3.918958008289337158e-01
3.912997245788574219e-01
3.906708061695098877e-01
3.899805247783660889e-01
3.894288837909698486e-01
3.888280391693115234e-01
3.882007300853729248e-01
3.876379728317260742e-01
3.870105147361755371e-01
3.864149451255798340e-01
3.858590126037597656e-01
3.853162527084350586e-01
3.846739828586578369e-01
3.840704262256622314e-01
3.834528625011444092e-01
3.829151391983032227e-01
3.823149204254150391e-01
3.817585110664367676e-01
3.811167180538177490e-01
3.806198537349700928e-01
3.800576031208038330e-01
3.795157074928283691e-01
3.787819445133209229e-01
3.782103657722473145e-01
3.777459859848022461e-01
3.771620392799377441e-01
3.764924705028533936e-01
3.758519291877746582e-01
3.752807080745697021e-01
3.747481703758239746e-01
3.741858601570129395e-01
3.735786080360412598e-01
3.729851245880126953e-01
3.723546862602233887e-01
3.717977106571197510e-01
3.712661266326904297e-01
3.706915378570556641e-01
3.700348436832427979e-01
3.694724440574645996e-01
3.689131140708923340e-01
3.683815002441406250e-01
3.678133487701416016e-01
3.671875000000000000e-01
3.665676414966583252e-01
3.659672141075134277e-01
3.654086291790008545e-01
3.647673428058624268e-01
3.642392456531524658e-01
3.637115061283111572e-01
3.631386160850524902e-01
3.625092506408691406e-01
3.619368672370910645e-01
3.613683581352233887e-01
3.607695102691650391e-01
3.602366149425506592e-01
3.596377670764923096e-01
3.591026663780212402e-01
3.585630357265472412e-01
3.580188751220703125e-01
3.573545813560485840e-01
3.568898141384124756e-01
3.563945889472961426e-01
3.558049201965332031e-01
3.551804721355438232e-01
3.545931577682495117e-01
3.540729880332946777e-01
3.534063398838043213e-01
3.528928160667419434e-01
3.523781597614288330e-01
3.517965078353881836e-01
3.511959612369537354e-01
3.505950868129730225e-01
3.500528633594512939e-01
3.494758605957031250e-01
3.488624691963195801e-01
3.482975363731384277e-01
3.477544188499450684e-01
3.471876978874206543e-01
3.466398119926452637e-01
3.461094498634338379e-01
3.455225229263305664e-01
3.449389636516571045e-01
3.443078994750976562e-01
3.438845276832580566e-01
3.434013128280639648e-01
3.427610993385314941e-01
3.421025872230529785e-01
3.416056036949157715e-01
3.410845994949340820e-01
3.404894769191741943e-01
3.399150371551513672e-01
3.393801450729370117e-01
3.388593792915344238e-01
3.382603526115417480e-01
3.377151787281036377e-01
3.371855616569519043e-01
3.365758955478668213e-01
3.359626531600952148e-01
3.354338705539703369e-01
3.348814547061920166e-01
3.343170881271362305e-01
3.337169885635375977e-01
3.332290053367614746e-01
3.327267169952392578e-01
3.321018517017364502e-01
3.315159380435943604e-01
3.310401439666748047e-01
3.304865062236785889e-01
3.298518955707550049e-01
3.292936980724334717e-01
3.287105560302734375e-01
3.281641602516174316e-01
3.276823461055755615e-01
3.271171748638153076e-01
3.265038728713989258e-01
3.259308338165283203e-01
3.253752589225769043e-01
3.248565793037414551e-01
3.243226706981658936e-01
3.237375617027282715e-01
3.231686353683471680e-01
3.227102756500244141e-01
3.221392631530761719e-01
3.215071856975555420e-01
3.210626244544982910e-01
3.205374181270599365e-01
3.199747800827026367e-01
3.193847239017486572e-01
3.188449442386627197e-01
3.182492852210998535e-01
3.177581727504730225e-01
3.172193765640258789e-01
3.166114091873168945e-01
3.160568773746490479e-01
3.155137598514556885e-01
3.148901462554931641e-01
3.144299685955047607e-01
3.139654994010925293e-01
3.133839666843414307e-01
3.127589225769042969e-01
3.122247457504272461e-01
3.117491304874420166e-01
3.112170100212097168e-01
3.106268048286437988e-01
3.100311458110809326e-01
3.094737529754638672e-01
3.089366853237152100e-01
3.083621263504028320e-01
3.078479170799255371e-01
3.073204755783081055e-01
3.067650198936462402e-01
3.061463832855224609e-01
3.055695295333862305e-01
3.050804734230041504e-01
3.045824766159057617e-01
3.040083944797515869e-01
3.033904135227203369e-01
3.028215169906616211e-01
3.023243844509124756e-01
3.018046617507934570e-01
3.012311458587646484e-01
3.006715774536132812e-01
3.001471161842346191e-01
2.996039390563964844e-01
2.990486621856689453e-01
2.985190153121948242e-01
2.979927659034729004e-01
2.973788678646087646e-01
2.968487143516540527e-01
2.963610589504241943e-01
2.957776784896850586e-01
2.952293157577514648e-01
2.946840524673461914e-01
2.941576540470123291e-01
2.936162650585174561e-01
2.930506467819213867e-01
2.925244569778442383e-01
2.920269072055816650e-01
2.914534807205200195e-01
2.909471392631530762e-01
2.904041409492492676e-01
2.898674011230468750e-01
2.893295884132385254e-01
2.887445092201232910e-01
2.882016003131866455e-01
2.876545190811157227e-01
2.871171832084655762e-01
2.865347862243652344e-01
2.860107123851776123e-01
2.855057120323181152e-01
2.849509418010711670e-01
2.844178080558776855e-01
2.838449478149414062e-01
2.832883596420288086e-01
2.827162444591522217e-01
2.822985351085662842e-01
2.818002700805664062e-01
2.812363505363464355e-01
2.805841863155364990e-01
2.800891101360321045e-01
2.795947790145874023e-01
2.790724635124206543e-01
2.785536348819732666e-01
2.780011594295501709e-01
2.774228453636169434e-01
2.768707275390625000e-01
2.762770652770996094e-01
2.757943570613861084e-01
2.753071784973144531e-01
2.747482359409332275e-01
2.741660177707672119e-01
2.736458778381347656e-01
2.730953097343444824e-01
2.725699543952941895e-01
2.720262408256530762e-01
2.714623808860778809e-01
2.709404230117797852e-01
2.704171836376190186e-01
2.698380351066589355e-01
2.693160772323608398e-01
2.688086032867431641e-01
2.682638466358184814e-01
2.677262723445892334e-01
2.671690583229064941e-01
2.666398882865905762e-01
2.661508917808532715e-01
2.656356096267700195e-01
2.650846242904663086e-01
2.645313143730163574e-01
2.640274167060852051e-01
2.634806632995605469e-01
2.629340887069702148e-01
2.624005377292633057e-01
2.619073390960693359e-01
2.613867521286010742e-01
2.608140110969543457e-01
2.603058218955993652e-01
2.597703039646148682e-01
2.592388093471527100e-01
2.587541639804840088e-01
2.582283616065979004e-01
2.576752305030822754e-01
2.571207880973815918e-01
2.566561102867126465e-01
2.561574578285217285e-01
2.555783390998840332e-01
2.550925910472869873e-01
2.545659542083740234e-01
2.540541589260101318e-01
2.535740733146667480e-01
2.530136108398437500e-01
2.524189352989196777e-01
2.519088387489318848e-01
2.514061331748962402e-01
2.508396804332733154e-01
2.503961324691772461e-01
2.498291581869125366e-01
2.492884248495101929e-01
2.487751841545104980e-01
2.483075559139251709e-01
2.478045970201492310e-01
2.472590953111648560e-01
2.467405200004577637e-01
2.462239861488342285e-01
2.457105368375778198e-01
2.451502978801727295e-01
2.446866631507873535e-01
2.442346364259719849e-01
2.436952590942382812e-01
2.431045770645141602e-01
2.426233440637588501e-01
2.421271502971649170e-01
2.415831834077835083e-01
2.410851567983627319e-01
2.406446635723114014e-01
2.401035279035568237e-01
2.394859492778778076e-01
2.390860319137573242e-01
2.385614812374114990e-01
2.379814684391021729e-01
2.375329732894897461e-01
2.370410561561584473e-01
2.365271300077438354e-01
2.360472083091735840e-01
2.355169802904129028e-01
2.349975109100341797e-01
2.344688773155212402e-01
2.339420318603515625e-01
2.334631532430648804e-01
2.329846769571304321e-01
2.324362397193908691e-01
2.319083809852600098e-01
2.314817011356353760e-01
2.309737205505371094e-01
2.304037064313888550e-01
2.299286425113677979e-01
2.294679135084152222e-01
2.289370298385620117e-01
2.284747064113616943e-01
2.279729992151260376e-01
2.274587303400039673e-01
2.269685268402099609e-01
2.264737188816070557e-01
2.260035723447799683e-01
2.254919558763504028e-01
2.249642014503479004e-01
2.244874536991119385e-01
2.239993959665298462e-01
2.235337495803833008e-01
2.230132222175598145e-01
2.225258052349090576e-01
2.220106124877929688e-01
2.215295732021331787e-01
2.210107743740081787e-01
2.205670177936553955e-01
2.201025187969207764e-01
2.196233570575714111e-01
2.191349714994430542e-01
2.186400890350341797e-01
2.181713581085205078e-01
2.176831662654876709e-01
2.171518504619598389e-01
2.166927009820938110e-01
2.161980271339416504e-01
2.157131582498550415e-01
2.152107506990432739e-01
2.147703468799591064e-01
2.142813801765441895e-01
2.137532234191894531e-01
2.132884114980697632e-01
2.128276079893112183e-01
2.123545110225677490e-01
2.118834853172302246e-01
2.114054411649703979e-01
2.109429985284805298e-01
2.104935497045516968e-01
2.099775969982147217e-01
2.095023691654205322e-01
2.091919481754302979e-01
2.086498737335205078e-01
2.080818861722946167e-01
2.076216638088226318e-01
2.072111666202545166e-01
2.067705690860748291e-01
2.062681615352630615e-01
2.058091759681701660e-01
2.053716331720352173e-01
2.049190104007720947e-01
2.044151127338409424e-01
2.039504647254943848e-01
2.034993916749954224e-01
2.030016034841537476e-01
2.025207132101058960e-01
2.020352184772491455e-01
2.015874981880187988e-01
2.011278867721557617e-01
2.006525099277496338e-01
2.001992911100387573e-01
1.997360885143280029e-01
1.993302404880523682e-01
1.988790333271026611e-01
1.983865797519683838e-01
1.978923678398132324e-01
1.974541246891021729e-01
1.970786899328231812e-01
1.965271532535552979e-01
1.960644274950027466e-01
1.956477463245391846e-01
1.951757967472076416e-01
1.947287321090698242e-01
1.942849755287170410e-01
1.938316375017166138e-01
1.933937668800354004e-01
1.930265724658966064e-01
1.924812644720077515e-01
1.920389682054519653e-01
1.916316300630569458e-01
1.911923289299011230e-01
1.907396018505096436e-01
1.903014779090881348e-01
1.898282468318939209e-01
1.893981248140335083e-01
1.890249252319335938e-01
1.885581016540527344e-01
1.880918741226196289e-01
1.876595765352249146e-01
1.872492730617523193e-01
1.867955625057220459e-01
1.863712817430496216e-01
1.859503090381622314e-01
1.855338811874389648e-01
1.850916147232055664e-01
1.846384704113006592e-01
1.842017769813537598e-01
1.837541460990905762e-01
1.833391338586807251e-01
1.829490810632705688e-01
1.825116574764251709e-01
1.821263730525970459e-01
1.816299557685852051e-01
1.811962127685546875e-01
1.808011233806610107e-01
1.803664565086364746e-01
1.799545586109161377e-01
1.795296221971511841e-01
1.791237890720367432e-01
1.787173449993133545e-01
1.782848685979843140e-01
1.778288483619689941e-01
1.773952841758728027e-01
1.770310401916503906e-01
1.766166090965270996e-01
1.762303411960601807e-01
1.757718324661254883e-01
1.753275096416473389e-01
1.749452948570251465e-01
1.745347082614898682e-01
1.741241514682769775e-01
1.737320721149444580e-01
1.733316183090209961e-01
1.729244738817214966e-01
1.725157499313354492e-01
1.721197813749313354e-01
1.717267036437988281e-01
1.712920516729354858e-01
1.709100604057312012e-01
1.705127358436584473e-01
1.701181232929229736e-01
1.696893572807312012e-01
1.692921519279479980e-01
1.688898652791976929e-01
1.684911400079727173e-01
1.680811494588851929e-01
1.677141189575195312e-01
1.673035621643066406e-01
1.668694615364074707e-01
1.665335148572921753e-01
1.661086976528167725e-01
1.656951159238815308e-01
1.653332859277725220e-01
1.649505794048309326e-01
1.645800769329071045e-01
1.641894578933715820e-01
1.637926697731018066e-01
1.634469330310821533e-01
1.630629301071166992e-01
1.626329123973846436e-01
1.622537374496459961e-01
1.618683040142059326e-01
1.615006625652313232e-01
1.611451953649520874e-01
1.607505381107330322e-01
1.603237390518188477e-01
1.599589884281158447e-01
1.595850884914398193e-01
1.592042893171310425e-01
1.588306427001953125e-01
1.584538817405700684e-01
1.580818891525268555e-01
1.577441841363906860e-01
1.573467254638671875e-01
1.569626033306121826e-01
1.565997153520584106e-01
1.562354862689971924e-01
1.558949649333953857e-01
1.555260717868804932e-01
1.551498621702194214e-01
1.547770053148269653e-01
1.544127911329269409e-01
1.540674865245819092e-01
1.536738127470016479e-01
1.533344984054565430e-01
1.529630124568939209e-01
1.526107490062713623e-01
1.522395163774490356e-01
1.518742144107818604e-01
1.515328139066696167e-01
1.511648148298263550e-01
1.507986634969711304e-01
1.504459381103515625e-01
1.501057147979736328e-01
1.498185247182846069e-01
1.493846178054809570e-01
1.490388214588165283e-01
1.486751735210418701e-01
1.483403444290161133e-01
1.480107903480529785e-01
1.476476341485977173e-01
1.472758054733276367e-01
1.469284594058990479e-01
1.466679424047470093e-01
1.463191062211990356e-01
1.459298282861709595e-01
1.455432772636413574e-01
1.452589780092239380e-01
1.449185609817504883e-01
1.445504724979400635e-01
1.442013531923294067e-01
1.438939869403839111e-01
1.435588002204895020e-01
1.431827247142791748e-01
1.428585946559906006e-01
1.425012946128845215e-01
1.422044038772583008e-01
1.418889760971069336e-01
1.415707319974899292e-01
1.412089467048645020e-01
1.408470273017883301e-01
1.405291557312011719e-01
1.402313560247421265e-01
1.398934274911880493e-01
1.395423710346221924e-01
1.391910016536712646e-01
1.388600617647171021e-01
1.385544538497924805e-01
1.382121145725250244e-01
1.379009783267974854e-01
1.375790834426879883e-01
1.372519731521606445e-01
1.369351148605346680e-01
1.365904510021209717e-01
1.363068521022796631e-01
1.359975636005401611e-01
1.356788426637649536e-01
1.353356242179870605e-01
1.350332498550415039e-01
1.347474008798599243e-01
1.344187110662460327e-01
1.341075003147125244e-01
1.337920725345611572e-01
1.335072070360183716e-01
1.331966221332550049e-01
1.328511238098144531e-01
1.325422525405883789e-01
1.322692036628723145e-01
1.319414079189300537e-01
1.316289752721786499e-01
1.313346773386001587e-01
1.310309767723083496e-01
1.307276040315628052e-01
1.304031312465667725e-01
1.301108896732330322e-01
1.298060119152069092e-01
1.294958293437957764e-01
1.292025148868560791e-01
1.289073824882507324e-01
1.285864710807800293e-01
1.283104419708251953e-01
1.280172169208526611e-01
1.277367323637008667e-01
1.274435520172119141e-01
1.271451115608215332e-01
1.268316954374313354e-01
1.265185475349426270e-01
1.262385845184326172e-01
1.259487271308898926e-01
1.256682872772216797e-01
1.253668963909149170e-01
1.250574290752410889e-01
1.247896179556846619e-01
1.245179325342178345e-01
1.242304295301437378e-01
1.239159405231475830e-01
1.236715838313102722e-01
1.233595162630081177e-01
1.230909973382949829e-01
1.228062659502029419e-01
1.225363314151763916e-01
1.222398579120635986e-01
1.219638735055923462e-01
1.216995120048522949e-01
1.214285790920257568e-01
1.211363673210144043e-01
1.208169013261795044e-01
1.205885931849479675e-01
1.203201338648796082e-01
1.200183779001235962e-01
1.197516247630119324e-01
1.194941028952598572e-01
1.192168891429901123e-01
1.189400106668472290e-01
1.186830177903175354e-01
1.183996051549911499e-01
1.181409806013107300e-01
1.178953424096107483e-01
1.176357269287109375e-01
1.173579841852188110e-01
1.170643717050552368e-01
1.168110892176628113e-01
1.165405735373497009e-01
1.162384077906608582e-01
1.159834563732147217e-01
1.157155632972717285e-01
1.154484301805496216e-01
1.151959076523780823e-01
1.149207353591918945e-01
1.146784722805023193e-01
1.144306063652038574e-01
1.141415089368820190e-01
1.139085218310356140e-01
1.136719509959220886e-01
1.134001910686492920e-01
1.131410002708435059e-01
1.128864586353302002e-01
1.126387119293212891e-01
1.123773604631423950e-01
1.121314316987991333e-01
1.118984669446945190e-01
1.116459816694259644e-01
1.114160344004631042e-01
1.111232638359069824e-01
1.109053045511245728e-01
1.106620877981185913e-01
1.104223728179931641e-01
1.102386116981506348e-01
1.099731549620628357e-01
1.097198873758316040e-01
1.094851568341255188e-01
1.092361211776733398e-01
1.090164631605148315e-01
1.088198423385620117e-01
1.085912808775901794e-01
1.083050966262817383e-01
1.081003248691558838e-01
1.078651249408721924e-01
1.076235398650169373e-01
1.074075177311897278e-01
1.071859300136566162e-01
1.069451272487640381e-01
1.066980957984924316e-01
1.064794659614562988e-01
1.062321513891220093e-01
1.060379147529602051e-01
1.058033555746078491e-01
1.055529788136482239e-01
1.053381934762001038e-01
1.051368564367294312e-01
1.049194633960723877e-01
1.046906933188438416e-01
1.044452339410781860e-01
1.042381674051284790e-01
1.040175184607505798e-01
1.038275286555290222e-01
1.036246567964553833e-01
1.033629179000854492e-01
1.032018437981605530e-01
1.030000597238540649e-01
1.027512401342391968e-01
1.025527119636535645e-01
1.023598313331604004e-01
1.021406948566436768e-01
1.019046306610107422e-01
1.017480343580245972e-01
1.015345007181167603e-01
1.012980341911315918e-01
1.010908558964729309e-01
1.008934378623962402e-01
1.006759703159332275e-01
1.004677116870880127e-01
1.002926379442214966e-01
1.000745743513107300e-01
9.988091140985488892e-02
9.969995915889739990e-02
9.945696592330932617e-02
9.926158189773559570e-02
9.906366467475891113e-02
9.886927157640457153e-02
9.865491837263107300e-02
9.846090525388717651e-02
9.828564524650573730e-02
9.809137135744094849e-02
9.788002073764801025e-02
9.772342443466186523e-02
9.752673655748367310e-02
9.730702638626098633e-02
9.711573272943496704e-02
9.690891206264495850e-02
9.671479463577270508e-02
9.652513265609741211e-02
9.634665399789810181e-02
9.616450965404510498e-02
9.595416486263275146e-02
9.576314687728881836e-02
9.558959305286407471e-02
9.538426995277404785e-02
9.520337730646133423e-02
9.505812078714370728e-02
9.487037360668182373e-02
9.467302262783050537e-02
9.449468553066253662e-02
9.432724118232727051e-02
9.414269030094146729e-02
9.393496811389923096e-02
9.377224743366241455e-02
9.359784424304962158e-02
9.339550882577896118e-02
9.320087730884552002e-02
9.303891658782958984e-02
9.285830706357955933e-02
9.266316890716552734e-02
9.250029921531677246e-02
9.230046719312667847e-02
9.214638173580169678e-02
9.197446703910827637e-02
9.176370501518249512e-02
9.160026907920837402e-02
9.142522513866424561e-02
9.125840663909912109e-02
9.109234064817428589e-02
9.091467410326004028e-02
9.076766669750213623e-02
9.058123081922531128e-02
9.042271971702575684e-02
9.024155884981155396e-02
9.009243547916412354e-02
8.993296325206756592e-02
8.977548778057098389e-02
8.959724009037017822e-02
8.941526710987091064e-02
8.922399580478668213e-02
8.903922885656356812e-02
8.883740007877349854e-02
8.865636587142944336e-02
8.843459188938140869e-02
8.823085576295852661e-02
8.801060914993286133e-02
8.778315782546997070e-02
8.762077987194061279e-02
8.739402890205383301e-02
8.715529739856719971e-02
8.704662322998046875e-02
8.686780184507369995e-02
8.660998195409774780e-02
8.639027178287506104e-02
8.623230457305908203e-02
8.603021502494812012e-02
8.579877763986587524e-02
8.561268448829650879e-02
8.542826771736145020e-02
8.516600728034973145e-02
8.499204367399215698e-02
8.479490876197814941e-02
8.458614349365234375e-02
8.439210057258605957e-02
8.421199023723602295e-02
8.402054011821746826e-02
8.380719274282455444e-02
8.360287547111511230e-02
8.343120664358139038e-02
8.322966098785400391e-02
8.303499966859817505e-02
8.285714685916900635e-02
8.266124129295349121e-02
8.249156922101974487e-02
8.230644464492797852e-02
8.212152123451232910e-02
8.193443715572357178e-02
8.175437152385711670e-02
8.157522976398468018e-02
8.140679448843002319e-02
8.121715486049652100e-02
8.106672018766403198e-02
8.086304366588592529e-02
8.069770783185958862e-02
8.052913844585418701e-02
8.035315573215484619e-02
8.017840981483459473e-02
8.001282811164855957e-02
7.986313104629516602e-02
7.965181767940521240e-02
7.953105866909027100e-02
7.934901863336563110e-02
7.917945832014083862e-02
7.899984717369079590e-02
7.887028157711029053e-02
7.874995470046997070e-02
7.854372262954711914e-02
7.834527641534805298e-02
7.828027009963989258e-02
7.811734825372695923e-02
7.786990702152252197e-02
7.780177891254425049e-02
7.766000926494598389e-02
7.745219767093658447e-02
7.729391753673553467e-02
7.716983556747436523e-02
7.695117592811584473e-02
7.688038796186447144e-02
7.675895839929580688e-02
7.653371244668960571e-02
7.639117538928985596e-02
7.627181708812713623e-02
7.604832947254180908e-02
7.593804597854614258e-02
7.578015327453613281e-02
7.561723887920379639e-02
7.546579837799072266e-02
7.532551884651184082e-02
7.519459724426269531e-02
7.502501457929611206e-02
7.489810883998870850e-02
7.471600174903869629e-02
7.461976259946823120e-02
7.449682056903839111e-02
7.430008053779602051e-02
7.421388477087020874e-02
7.409732043743133545e-02
7.391511648893356323e-02
7.377663254737854004e-02
7.366503030061721802e-02
7.348902523517608643e-02
7.334031909704208374e-02
7.321403920650482178e-02
7.303755730390548706e-02
7.291835546493530273e-02
7.277809083461761475e-02
7.264871895313262939e-02
7.246485352516174316e-02
7.233573496341705322e-02
7.221911847591400146e-02
7.206395268440246582e-02
7.194413244724273682e-02
7.184286415576934814e-02
7.173166424036026001e-02
7.156354933977127075e-02
7.141295075416564941e-02
7.133210450410842896e-02
7.118400186300277710e-02
7.105239480733871460e-02
7.092708349227905273e-02
7.078045606613159180e-02
7.063036412000656128e-02
7.048204541206359863e-02
7.040800899267196655e-02
7.025802135467529297e-02
7.010491937398910522e-02
6.999725103378295898e-02
6.986497342586517334e-02
6.973451375961303711e-02
6.963238865137100220e-02
6.947664916515350342e-02
6.940728425979614258e-02
6.927928328514099121e-02
6.914488971233367920e-02
6.902941316366195679e-02
6.889910995960235596e-02
6.876078248023986816e-02
6.863872706890106201e-02
6.849730759859085083e-02
6.838374584913253784e-02
6.829382479190826416e-02
6.813246011734008789e-02
6.804028153419494629e-02
6.794470548629760742e-02
6.780171394348144531e-02
6.769454479217529297e-02
6.757813692092895508e-02
6.741650402545928955e-02
6.731872260570526123e-02
6.721103936433792114e-02
6.706977635622024536e-02
6.699120253324508667e-02
6.685540080070495605e-02
6.672219187021255493e-02
6.662043184041976929e-02
6.647334992885589600e-02
6.642334908246994019e-02
6.633213907480239868e-02
6.616380810737609863e-02
6.605151295661926270e-02
6.595695018768310547e-02
6.581676006317138672e-02
6.570555269718170166e-02
6.562604010105133057e-02
6.543947756290435791e-02
6.542965769767761230e-02
6.536871194839477539e-02
6.524575501680374146e-02
6.506069004535675049e-02
6.497369706630706787e-02
6.491372734308242798e-02
6.475658714771270752e-02
6.460475921630859375e-02
6.455453485250473022e-02
6.447134912014007568e-02
6.433123350143432617e-02
6.417575478553771973e-02
6.408407539129257202e-02
6.405923515558242798e-02
6.394239515066146851e-02
6.373408436775207520e-02
6.367159634828567505e-02
6.360439211130142212e-02
6.347166001796722412e-02
6.329959630966186523e-02
6.324952840805053711e-02
6.317458301782608032e-02
6.301611661911010742e-02
6.289377808570861816e-02
6.287065148353576660e-02
6.275877356529235840e-02
6.260676681995391846e-02
6.248304620385169983e-02
6.243669986724853516e-02
6.230903416872024536e-02
6.217907369136810303e-02
6.212013214826583862e-02
6.201988458633422852e-02
6.187032163143157959e-02
6.181304156780242920e-02
6.172649562358856201e-02
6.158553063869476318e-02
6.146968156099319458e-02
6.140659749507904053e-02
6.130500882863998413e-02
6.116306036710739136e-02
6.109721586108207703e-02
6.101285666227340698e-02
6.085108965635299683e-02
6.081092357635498047e-02
6.074259802699089050e-02
6.060190871357917786e-02
6.046655029058456421e-02
6.043690443038940430e-02
6.036092340946197510e-02
6.018516421318054199e-02
6.013585627079010010e-02
6.010036543011665344e-02
5.999511852860450745e-02
5.985008180141448975e-02
5.970707535743713379e-02
5.971965938806533813e-02
5.964068695902824402e-02
5.946332216262817383e-02
5.938371643424034119e-02
5.934551730751991272e-02
5.926129221916198730e-02
5.913538113236427307e-02
5.898940190672874451e-02
5.895496159791946411e-02
5.888094753026962280e-02
5.872338265180587769e-02
5.861243605613708496e-02
5.855759605765342712e-02
5.846893787384033203e-02
5.835714191198348999e-02
5.823747813701629639e-02
5.814833939075469971e-02
5.806701630353927612e-02
5.797549337148666382e-02
5.787798017263412476e-02
5.779253318905830383e-02
5.769484490156173706e-02
5.760776996612548828e-02
5.753030255436897278e-02
5.743522942066192627e-02
5.734769254922866821e-02
5.724107474088668823e-02
5.716938525438308716e-02
5.707062408328056335e-02
5.697621405124664307e-02
5.692314729094505310e-02
5.681305006146430969e-02
5.675306171178817749e-02
5.667053163051605225e-02
5.654935911297798157e-02
5.646856501698493958e-02
5.638801306486129761e-02
5.628174543380737305e-02
5.618917196989059448e-02
5.613225325942039490e-02
5.602943897247314453e-02
5.594850331544876099e-02
5.586003884673118591e-02
5.577769875526428223e-02
5.569901317358016968e-02
5.561721697449684143e-02
5.552517622709274292e-02
5.544337257742881775e-02
5.536335706710815430e-02
5.527310445904731750e-02
5.520126223564147949e-02
5.514304339885711670e-02
5.505765229463577271e-02
5.495298653841018677e-02
5.490652471780776978e-02
5.480123683810234070e-02
5.470585078001022339e-02
5.464497953653335571e-02
5.457538738846778870e-02
5.449148267507553101e-02
5.439250543713569641e-02
5.428786203265190125e-02
5.423644930124282837e-02
5.416826903820037842e-02
5.406412854790687561e-02
5.400639027357101440e-02
5.393137782812118530e-02
5.385199189186096191e-02
5.376827716827392578e-02
5.368682742118835449e-02
5.358593910932540894e-02
5.354422330856323242e-02
5.346840620040893555e-02
5.335845053195953369e-02
5.329082906246185303e-02
5.320850759744644165e-02
5.311555415391921997e-02
5.304896831512451172e-02
5.296189337968826294e-02
5.287469923496246338e-02
5.281705409288406372e-02
5.271899327635765076e-02
5.264458805322647095e-02
5.257157236337661743e-02
5.249360948801040649e-02
5.244290828704833984e-02
5.237635225057601929e-02
5.228483676910400391e-02
5.220374837517738342e-02
5.212279409170150757e-02
5.206475406885147095e-02
5.197548866271972656e-02
5.190661549568176270e-02
5.182530730962753296e-02
5.175531655550003052e-02
5.167643353343009949e-02
5.159364640712738037e-02
5.152947083115577698e-02
5.145584791898727417e-02
5.139663070440292358e-02
5.132119357585906982e-02
